-----
First attempt

# Question 1

0 1 2 3 4 5 6 7 8 9
0 1 2 3 4 4 6 7 8 9
0 1 2 3 4 4 6 4 8 9
9 1 2 3 4 4 6 4 8 9 
9 1 2 6 4 4 6 4 8 9
9 4 2 6 4 4 6 4 8 9
9 4 2 6 4 4 6 4 4 9


# Question 2
0 1 2 3 4 5 6 7 8 9   
1 1 1 1 1 1 1 1 1 1

1-4
0 1 2 3 1 5 6 7 8 9
1 2 1 1 1 1 1 1 1 1

3-2
0 1 3 3 1 5 6 7 8 9
1 2 1 2 1 1 1 1 1 1

9-7
0 1 3 3 1 5 6 9 8 9
1 2 1 2 1 1 1 1 1 2

6-9
0 1 3 3 1 5 9 9 8 9
1 2 1 2 1 1 1 1 1 3

0-6
9 1 3 3 1 5 9 9 8 9
1 2 1 2 1 1 1 1 1 4

9-5
9 1 3 3 1 9 9 9 8 9
1 2 1 2 1 1 1 1 1 5

1-2
9 1 3 1 1 9 9 9 8 9
1 4 1 2 1 1 1 1 1 5

9-8
9 1 3 1 1 9 9 9 9 9
1 4 1 2 1 1 1 1 1 6

6-1
9 9 3 1 1 9 9 9 9 9
1 4 1 2 1 1 1 1 1 10

# Question 3

1 2 6 2 6 2 6 1 2 2 

6
 2 
  1
   0
   7
  3
  5
  8
  9
 4
  
 
-----------------

Second attempt

# Question 3

0 1 2 3 4 5 6 7 8 9
5 4 9 5 9 1 5 5 5 5 

0-1-4-9-5-1 cycle

0 1 2 3 4 5 6 7 8 9
0 7 0 8 0 6 8 0 0 8 

0
 2
 4
 7
  1
 8
  3
  6
   5
  9

0 1 2 3 4 5 6 7 8 9
0 1 2 3 4 4 6 7 7 4

0
1
2
3
4
 5
 9
6
7
 8

0 1 2 3 4 5 6 7 8 9
0 0 0 7 0 5 3 2 0 2

0
 1
 2
  7
   3
    6
  9
 4
 8
5
Height = 3

0 1 2 3 4 5 6 7 8 9
0 7 4 5 5 0 4 5 7 3

0
 5
  3
   9
  4
   2
   6
  7
   1
   8

Size of tree at 4 >
DON'T UNDERSTAND THIS.
