Week 2. Exercises. Elem. sorts.

Ques. 1

   97 63 26 83 98 67 19 74 90 54
1. 19 63 26 83 98 67 97 74 90 54
2. 19 26 63 83 98 67 97 74 90 54
3. 19 26 54 83 98 67 97 74 90 63 
4. 19 26 54 63 98 67 97 74 90 83  

Ques. 2

0. 21 86 43 97 12 80 66 58 17 46
1. 12 86 43 97 21 80 66 58 17 46 — 4 - 0
2. 12 86 43 97 17 80 66 58 21 46 — 4

3. 12 80 43 97 17 86 66 58 21 46 — 4 - 1 
4. 12 86 43 97 17 80 66 58 21 46 — 4
5. 12 46 43 97 17 80 66 58 21 86 — 4

-. 12 46 43 97 17 80 66 58 21 86 — 4 - 2 

6. 12 46 43 58 17 80 66 97 21 86 — 4 - 3
