
# Q.1

39 80 24 68 98 25 22 91 71 67 20 38  — sort(a, aux, lo, hi) 1
39 80 24 68 98 25| 22 91 71 67 20 38  — sort 3
39 80 24| 68 98 25| 22 91 71| 67 20 38 — sort 3+4
39 80| 24| 68 98| 25| 22 91| 71| 67 20| 38 — sort 3+4+8 (+8)
39 80| 24| 68 98| 25| 22 91| 71| 20 67| 38 — sort 3+4+8, merge 4
24 39 80| 25 68 98| 22 71 91| 20 67 38 — sort 3+4+8, merge 4+3(+1!)


# Q.2
45 90 28 30 16 20 70 22 43 67 
45 90| 28 30| 16 20| 22 70| 43 67 — merge 5
28 45 90| 16 20 30| 22 70 43| 67 — merge 5+2(+2)

28 45 90 16 20 30 22 70 43 67


